titleStr <- "Validation for Last 10 Epochs of Each Wavelet Tested, Down Sample = 1x, fs wrong"

# Before sample rate correction


# 20250326_timeD_5s_bat4chsize1_bestRun, exp-1, epo: 246
# LR: 0.0001, WD:  0.001, epo: 250
data_time <- c(0.00886805075791072,
                 0.0210474443759887,
                 0.0100192316548346,
                 0.00991300425944317,
                 0.00860123136227143,
                 0.00833764813365888,
                 0.00993123060728319,
                 0.0100379704700814,
                 0.0114395813188462,
                 0.0114395813188462)

# 20250328-220210_cmorl_1-100Hz, exp-1, epoch: 80
# LR: 0.0001, WD:  0.001, epo: 100
# F_0: 10, bw: 0.8
data_cMorl <-   c(0.00641578533081259,
                  0.00629517401041844,
                  0.00628968276504321,
                  0.00578782171001524,
                  0.00606172442657641,
                  0.0237173849880623,
                  0.00725783374733214,
                  0.00677755965149983,
                  0.00626596883346913,
                  0.00626596883346913)

data_morl <- c(0.0111499172888527,
                 0.0108695182681154,
                 0.0120362274280612,
                 0.0107240691486032,
                 0.0101372326423956,
                 0.00975178929460071,
                 0.00958765386986738,
                 0.00929562740559964,
                 0.0086926125669414,
                 0.0086926125669414)

data_ricker <- c(0.0155701149841711,
                 0.0115759198581786,
                 0.0157699177474008,
                 0.0131444669034409,
                 0.0151271747519554,
                 0.0153962053818083,
                 0.0141510060979848,
                 0.0141953518547205,
                 0.0130976631443258,
                 0.0130976631443258)

data_fStep <- c(0.00937870242174397,
                  0.00886192313352409,
                  0.0158749474220113,
                  0.00978887326156094,
                  0.00969079252893779,
                  0.00947164846451354,
                  0.0139359901424537,
                  0.0094001278634046,
                  0.0081552710732583,
                  0.0081552710732583)

data_fStep_10 <- c()

# Window: 0.5s, overlap 90%
data_sGram <- c(0.0119680207795008,
                0.0118073175211203,
                0.0127378396431799,
                0.0107136449122523,
                0.0103406480931905,
                0.00956439782350705,
                0.0160644889281732,
                0.0107409929865785,
                0.0145598969343685,
                0.0145598969343685)
