titleStr <- "Validation for Last 10 Epochs of Each Wavelet Tested, Down Sample = 4x, fixed FS- Bean Stuff"
#LR: 0.00008	WD: 0.00015

# Exp 4
#  0.001, epo: 250
data_time   <- c(0.0260477146966005,
0.0262095028265121,
0.0268721574180953,
0.0253955534836914,
0.0264845221332259,
0.0256870321565112,
0.0259916981502278,
0.0256316405934182,
0.026821076551497,
0.0258940357072601)


data_sGram <- c(0.0210473461115717,
0.0186019321909647,
0.0189838371766192,
0.0195745023015938,
0.019238967485254,
0.0189384657256783,
0.019226025644228,
0.0210224522689853,
0.0250263419961804,
0.0215265995396516)


## Bean Stuffing ##
#20250708-071408_ds-4_lr-wd_8 	Experiment: 9	
data_cMorl   <- c(0.011839546967679,
0.00843456912024873,
0.00704703000541643,
0.00750762837930389,
0.00768048481773315,
0.00590147927563,
0.00774502168875821,
0.00611136495826463,
0.00622367281855839,
0.0080195557462775)

data_morl   <- c(0.0220082492685429,
0.018489412022616,
0.0189555913425288,
0.01813600140418,
0.0198326937683885,
0.0181070141499135,
0.0190134255536612,
0.0210282112886873,
0.020584094454233,
0.0205880255428097)


data_ricker <- c(0.0177988464140752,
0.0178772339198456,
0.0189452655659713,
0.0180254508797431,
0.0180037264611166,
0.0194009812731357,
0.0183629361895353,
0.0188618923214019,
0.0183229321205317,
0.0193523309663641)


data_fStep <- c(0.0130918811436479,
0.0128536320794908,
0.0131249719345666,
0.0143816781815937,
0.0137191878906257,
0.0138309019308799,
0.0138404527135448,
0.0132718862413904,
0.0140730900922798,
0.013481723248883)


data_fStep_10 <- c()
