titleStr <- "Validation for Last 10 Epochs of Each Wavelet Tested, Down Sample = 1x, fixed FS"

# Before sample rate correction


# 20250326_timeD_5s_bat4chsize1_bestRun, exp-1, epo: 246
# LR: 0.0001, WD:  0.001, epo: 250
data_time <- c(0.0126494306921458,
0.0121028678792011,
0.014525960852118,
0.0188284785103322,
0.0227455262374101,
0.0155116076183343,
0.0131028810737893,
0.0153990421751763,
0.0138808162311043,
0.0155056814345623)

# Window: 0.5s, overlap 90%
data_sGram <-   c(0.0292718897122236,
0.0291107218351494,
0.0304401404710064,
0.0292347256069321,
0.0264287963490778,
0.0253979711495491,
0.024538387416163,
0.024823071637908,
0.0241024284672448,
0.0247491070556839)

# 20250328-220210_cmorl_1-100Hz, exp-1, epoch: 80
# LR: 0.0001, WD:  0.001, epo: 100
# F_0: 10, bw: 0.8
data_cMorl <- c(0.0105718023951203,
0.00789175943069596,
0.00746792292401165,
0.00651204327742042,
0.00669628711583702,
0.00608601749010801,
0.00662239750223961,
0.00846034062090495,
0.00703542177075461,
0.0277852426183905)

data_morl <- c(0.00996923270310041,
0.0104274309692852,
0.0178668414403368,
0.0100648044383623,
0.0098365281062691,
0.0110954969435826,
0.0117204400611952,
0.0121409359765432,
0.0131671021306606,
0.0125894280872495)

data_ricker <- c(0.0137826244413878,
0.0142006249185025,
0.0169005383685185,
0.0144136371667105,
0.0131917118113228,
0.0139433387597456,
0.0148952042794049,
0.0140311593952582,
0.0147000227840281,
0.01394257037759)

data_fStep <- c(0.00981407034409645,
0.0116329495636315,
0.00837137434855651,
0.0199815658449606,
0.0143267845558168,
0.0114096210218514,
0.0170385119022069,
0.00963867185351326,
0.00992054345479903,
0.00917361231320778)

data_fStep_10 <- c(0.00694925020312939,
0.00721360590901889,
0.00812991396562687,
0.0070253249003907,
0.011853485488008,
0.00682108335768629,
0.00608737836853709,
0.00589376868109307,
0.00548819623639403,
0.00587306050381053)
