titleStr <- "Validation for Last 10 Epochs of Each Wavelet Tested, Down Sample = 4x"

# /Volumes/Data/thesis/exp_Track_HPC/timeD/20250709-174319_ds4_lrWD-3 
# Exp 4
# LR: 0.0001, WD:  0.001, epo: 250
data_time   <- c(0.0123462202137491, 0.0120627619156163, 0.0136456359952136, 0.0153636264384995, 0.0129057495722597, 0.0159865196199676, 0.0137365336679791, 0.0145192213400379, 0.0130689053424242, 0.0207973834301012)

#20250710-074410_ds4_lrWD-1, exp: 12
# LR: 0.0001, WD:  0.001, 
data_sGram <- c(0.013884812976504, 0.0138526614049985, 0.0201936002815327, 0.0184234313177692, 0.015436416481638, 0.0152419959758904, 0.0177829587836506, 0.0149682443890986, 0.0153162792157134, 0.0139364881977811)

#20250706-091032_ds-4_lr-wd_2  Run 2,  	Experiment: 3 
# and
#20250706-211058_ds-4_lr-wd_5 run5, exp 9
# LR: 0.0001, WD:  0.001, 
data_cMorl   <- c(0.00652272355346114, 0.00708249457585128, 0.00736182934502505, 0.00727083148708539, 0.00694455328447287, 0.00643417611475778, 0.00767054557520716, 0.00530687116585924, 0.0133839619514339, 0.0085897470188846)
#20250830-173530_cMor-morMatch, slurm-13648.out
# cMore 2
data_cMorl_morMatch   <- c(0.0114178716622148, 0.00978062196765204, 0.0104927079295006, 0.00959540313279825, 0.0101749831007104, 0.0101229832261869, 0.00970952387811426, 0.0260817013883522, 0.0101577785553038, 0.00996691296261076)



# 20250711-142208_ds4-1, 1
# LR: 0.0001, WD:  0.001, 
data_morl   <- c(0.0138762472318054, 0.014618610672232, 0.0152304782349992, 0.0132084312161359, 0.0128455968489246, 0.0139161988642495, 0.0152490376889842, 0.0155457904179895, 0.0161772111368817, 0.0159135206391564)


data_ricker <- c(0.018864077154774, 0.0181266470136347, 0.0174171633803721, 0.0167895240230105, 0.0174538935919375, 0.0184010906612356, 0.0177183758690557, 0.0215061140002618, 0.0185369674924792, 0.01709753282092)

data_fStep <- c(0.0117525393930019, 0.0101187872497669, 0.0101585206205094, 0.00990293211585853, 0.0114647475855282, 0.00924166444899286, 0.00925175018938945, 0.0096760561796386, 0.00989749042198956, 0.00972283504783048)

data_cFStep <- c(0.00967306969039925, 0.010075916708333, 0.00946984424881777, 0.0104440856264883, 0.00998146887451542, 0.00961305181403411, 0.0105319866992977, 0.0115237524349003, 0.0106114609569176, 0.0083416377508121)

data_fStep_10 <- c(0.00852917172759235, 0.00845133881102567, 0.0100660477791501, 0.0326823866607623, 0.00791900142674713, 0.00752414928352866, 0.00765127628584595, 0.00764401817444056, 0.00757342893449775, 0.00776682796956902)

# Mobilenet 225 epochs, 20251004-154250, slurm-14437.out
# exp 1
`mNet_cMore2-mag_bw-2_bs225` <-c()
# exp 2
`mNet_cMore10-mag_bw-10_bs225` <- c(0.0113861894199512, 0.012909196481681, 0.010037949879321, 0.0109693914309983, 0.0104171759663942, 0.0103784584699945, 0.0110654488394782, 0.0111040854316829, 0.0118790608150666, 0.0118645839775246)


# 20250918-124007
`leNet_cMore_bw-2_f0-pt7958_mag` <-c(
0.0913847398437876,
0.0579268168063969,
0.0621297555734504,
0.0781646672021651,
0.144769082345418,
0.0391178463761554,
0.189777024104831,
0.1118912511733,
0.119043502335651,
0.156107460858322
)

# 20250917-194745
`leNet_cMore_bw-2_f0-pt7958_complex` <-c( 0.0568190412248762, 0.0540735614143136, 0.0565027030529274, 0.169730598356332, 0.061493157396019, 0.0608808022480181, 0.148180878328318, 0.153671689170262, 0.0635977553106931, 0.0560104043962355)

# 20250917-174411
`leNet_cMore_bw-10_f0-pt8_mag` <-c( 0.0444602101355042, 0.0405930746431868, 0.043908194094615, 0.0597583740899547, 0.0478132972978725, 0.046576857441547, 0.052438180830488, 0.0562143062906401, 0.0432780777481932, 0.0492546488771548)

# 20250917-192200
# epoch 85- 94, terminated early due to a full filesystem
`leNet_cMore_bw-10_f0-pt8_complex` <-c( 0.0609195400559989, 0.0589258785370305, 0.0490891652661396, 0.0516996999882388, 0.0431673277289761, 0.0607584853907842, 0.0373069211636597, 0.0466685591657128, 0.0558379298103608, 0.0808369787161227)



# 20250927-122956_vggFirstLight
`VGG-firstLight_more_50eop` <-c( 0.022070284575609, 0.0286370499069766, 0.0192361502560532, 0.0256258223605365, 0.0263305823358681, 0.0187061575984875, 0.0222372983343587, 0.018995587048007, 0.0195891354354604, 0.0202255578561445)

# 20250927-142947_moreReal
`VGG-_more_50eop` <-c( 0.0249312061943708, 0.0239693315549003, 0.0278300417047892, 0.0297530927887943, 0.0228788606940012, 0.0204443414631868, 0.0191564340957796, 0.0194432489534051, 0.0221638056587645, 0.0199485101906927)


# 20250927-143230_cMoreMag
`VGG-_cMore-mag_bw-2_f0-pt8_50eop` <-c(
0.0207414173907164, 0.0228157355270276, 0.0269468531715617, 0.0227919222010187, 0.0306117458015094, 0.0232974258996284, 0.0190984377196033, 0.0162451346260643, 0.0247758674867751, 0.0258303797471538)

# 20250927-170940_cMoreComplex_fail50epo
`VGG-_cMore-complex_bw-2_f0-pt8_50eop` <-c( 0.0343771822913703, 0.0368726760722956, 0.0347775720290048, 0.037806673216088, 0.0417599102880827, 0.0362651737395483, 0.0339994907803964, 0.0402429044849823, 0.0394953345593268, 0.036913832620126)


### VGG Real runs ###

#20251007-213746 slurm-14546.out
`VGG_fStep-real-fz2.14_bs8_ep225` <- c(0.0107496097358805, 0.0111547002085531, 0.0117362856589371, 0.0102660354778689, 0.0129673462449212, 0.0111086141561727, 0.0112722223325926, 0.0107400918833815, 0.0100490706664102, 0.0108093493979563)

### where is this?`VGG-more_real` <-c( 0.0152486429107275, 0.0197124833934644, 0.0170888086356323, 0.0206162704440443, 0.0144280705352163, 0.0174633622099843, 0.0167387837047501, 0.0177361453492758, 0.0135837995474212, 0.0147192430453635)
#`VGG-more_real` <-c(0.0173973032874525, 0.0144873334391378, 0.0129361608643884, 0.0120042243628325, 0.011332023383081, 0.011061218511217, 0.0102914336476951, 0.0105417097320734, 0.0109202791838575, 0.0109931468126211)
#VGG: 20251005-085854 slurm-14463.out
#exp 1: ricker
`vgg_ricker_b-8_norm-g_225epo` <- c(0.0104332195082803, 0.0104783812651908, 0.011725408840711, 0.0115030431476529, 0.0118538885961451, 0.0117407827822272, 0.011160375635597, 0.0106190430871076, 0.0144614349812277, 0.0162577043226013)
#exp 2: more real
`vgg_more-real_b-8_norm-g_225epo` <- c(0.0173973032874525, 0.0144873334391378, 0.0129361608643884, 0.0120042243628325, 0.011332023383081, 0.011061218511217, 0.0102914336476951, 0.0105417097320734, 0.0109202791838575, 0.0109931468126211)

# slurm-14580.out	20251008-155130 
`VGG_fStep-real-fz10_bs8_ep225` <- c(0.0176757585656435, 0.0171314206773985, 0.0201801608122341, 0.0129058069487403, 0.0832971005171958, 0.0403602641633823, 0.0437758453675604, 0.021507556482694, 0.019392678993145, 0.0199959933757205)

#### VGG Mag Runs ###
#exp f cMore mag bw 2
`vgg_cMore-mag_bw2_b-8_norm-g_225epo` <- c(0.0312142087032385, 0.0312963099046561, 0.0192853313435308, 0.0192438774095305, 0.0188156137492808, 0.0176080470740514, 0.0178790779460235, 0.0189989449136683, 0.0195526619178835, 0.0187637607217331)

#slurm-14561.out	20251008-091550, 225 epochs
`vgg_cMore-mag_bw10_b-8_norm-g_225epo` <- c(0.0113861894199512, 0.012909196481681, 0.010037949879321, 0.0109693914309983, 0.0104171759663942, 0.0103784584699945, 0.0110654488394782, 0.0111040854316829, 0.0118790608150666, 0.0118645839775246)

# 20250927-143230_cMoreMag 225 epochs
`VGG-_cMore-mag_bw-2_f0-pt8` <-c( 0.0131707149342523, 0.019863918270884, 0.0130118751319726, 0.0138913290714331, 0.0135096476727544, 0.0193897468632997, 0.0128376713541683, 0.0120101367828535, 0.0160414233630494, 0.0140002392316111)

#20251008-092754 slurm-14563.out
`VGG_cFStep-mag-fz2.14_bs8_ep225` <- c(0.011673352028399, 0.0111966591918124, 0.0764849123773978, 0.019362044285143, 0.0182829899525263, 0.0147041063087623, 0.0135215590591446, 0.0121004003362419, 0.0119281436117621, 0.0115505485650838)

#20251008-141736 slurm-14574.out (note: the last 10 are not the best)
`VGG_cFStep-mag-fz10_bs8_ep225` <- c(0.019009116666796, 0.0306112912896338, 0.0218696158324844, 0.0179693395441416, 0.0190805747595657, 0.0180368433269354, 0.0162357971824368, 0.0168718388409912, 0.0171055726893043, 0.0173283326662889)


